0 1526502646677968
1 1526502646711314
2 1526502646744623
3 1526502646777954
4 1526502646811299
5 1526502646844638
6 1526502646877973
7 1526502646911316
8 1526502646944628
9 1526502646977967
10 1526502647011304
11 1526502647044655
12 1526502647077983
13 1526502647111297
14 1526502647144632
15 1526502647177978
16 1526502647211323
17 1526502647244650
18 1526502647277963
19 1526502647311303
20 1526502647344640
21 1526502647377982
22 1526502647411316
23 1526502647444656
24 1526502647477967
25 1526502647511310
26 1526502647544645
27 1526502647577971
28 1526502647611320
29 1526502647644633
30 1526502647677976
31 1526502647711309
32 1526502647744649
33 1526502647777980
34 1526502647811325
35 1526502647844641
36 1526502647878003
37 1526502647911327
38 1526502647944651
39 1526502647977992
40 1526502648011303
41 1526502648044645
42 1526502648077980
43 1526502648111318
44 1526502648144661
45 1526502648177973
46 1526502648211310
47 1526502648244648
48 1526502648278001
49 1526502648311328
50 1526502648344664
51 1526502648377978
52 1526502648411322
53 1526502648444663
54 1526502648477990
55 1526502648511327
56 1526502648544639
57 1526502648577976
58 1526502648611316
59 1526502648644655
60 1526502648678005
61 1526502648711326
62 1526502648744642
63 1526502648777978
64 1526502648811320
65 1526502648844658
66 1526502648878001
67 1526502648911307
68 1526502648944653
69 1526502648977994
70 1526502649011321
71 1526502649044650
72 1526502649077996
73 1526502649111320
74 1526502649144655
75 1526502649178003
76 1526502649211328
77 1526502649244663
78 1526502649277967
79 1526502649311310
80 1526502649344649
81 1526502649377986
82 1526502649411326
83 1526502649444636
84 1526502649477972
85 1526502649511312
86 1526502649544652
87 1526502649577996
88 1526502649611323
89 1526502649644636
90 1526502649677972
91 1526502649711312
92 1526502649744649
93 1526502649777988
94 1526502649811305
95 1526502649844639
96 1526502649877973
97 1526502649911314
98 1526502649944657
99 1526502649977995
100 1526502650011297
101 1526502650044639
102 1526502650077977
103 1526502650111310
104 1526502650144650
105 1526502650177959
106 1526502650211299
107 1526502650244641
108 1526502650277971
109 1526502650311312
110 1526502650344624
111 1526502650377980
112 1526502650411298
113 1526502650444641
114 1526502650477975
115 1526502650511312
116 1526502650544625
117 1526502650577964
118 1526502650611302
119 1526502650644646
120 1526502650677980
121 1526502650711281
122 1526502650744626
123 1526502650777964
124 1526502650811314
125 1526502650844659
126 1526502650877974
127 1526502650911291
128 1526502650944621
129 1526502650977968
130 1526502651011302
131 1526502651044638
132 1526502651077954
133 1526502651111290
134 1526502651144627
135 1526502651177975
136 1526502651211301
137 1526502651244651
138 1526502651277954
139 1526502651311294
140 1526502651344629
141 1526502651377963
142 1526502651411310
143 1526502651444617
144 1526502651477954
145 1526502651511295
146 1526502651544632
147 1526502651577971
148 1526502651611292
149 1526502651644620
150 1526502651677955
151 1526502651711292
152 1526502651744638
153 1526502651777979
154 1526502651811285
155 1526502651844619
156 1526502651877953
157 1526502651911300
158 1526502651944635
159 1526502651977950
160 1526502652011285
161 1526502652044622
162 1526502652077961
163 1526502652111306
164 1526502652144644
165 1526502652177948
166 1526502652211287
167 1526502652244625
168 1526502652277963
169 1526502652311306
170 1526502652344614
171 1526502652377953
172 1526502652411287
173 1526502652444627
174 1526502652477977
175 1526502652511279
176 1526502652544629
177 1526502652577956
178 1526502652611297
179 1526502652644631
180 1526502652677969
181 1526502652711288
182 1526502652744629
183 1526502652777972
184 1526502652811297
185 1526502652844643
186 1526502652877946
187 1526502652911286
188 1526502652944625
189 1526502652977967
190 1526502653011300
191 1526502653044650
192 1526502653077950
193 1526502653111287
194 1526502653144622
195 1526502653177963
196 1526502653211305
197 1526502653244612
198 1526502653277953
199 1526502653311294
200 1526502653344626
201 1526502653377966
202 1526502653411304
203 1526502653444616
204 1526502653477955
205 1526502653511291
206 1526502653544635
207 1526502653577969
208 1526502653611286
209 1526502653644619
210 1526502653677958
211 1526502653711297
212 1526502653744634
213 1526502653777948
214 1526502653811286
215 1526502653844625
216 1526502653877959
217 1526502653911304
218 1526502653944639
219 1526502653977958
220 1526502654011286
221 1526502654044631
222 1526502654077973
223 1526502654111304
224 1526502654144615
225 1526502654177954
226 1526502654211293
227 1526502654244630
228 1526502654277967
229 1526502654311303
230 1526502654344621
231 1526502654377963
232 1526502654411295
233 1526502654444626
234 1526502654477971
235 1526502654511287
236 1526502654544630
237 1526502654577966
238 1526502654611299
239 1526502654644641
240 1526502654677966
241 1526502654711307
242 1526502654744642
243 1526502654777987
244 1526502654811321
245 1526502654844660
246 1526502654877975
247 1526502654911311
248 1526502654944649
249 1526502654977989
250 1526502655011331
251 1526502655044639
252 1526502655077992
253 1526502655111316
254 1526502655144659
255 1526502655177993
256 1526502655211330
257 1526502655244649
258 1526502655277985
259 1526502655311323
260 1526502655344681
261 1526502655378001
262 1526502655411320
263 1526502655444653
264 1526502655477992
265 1526502655511325
266 1526502655544676
267 1526502655577980
268 1526502655611312
269 1526502655644650
270 1526502655677990
271 1526502655711325
272 1526502655744664
273 1526502655777978
274 1526502655811315
275 1526502655844652
276 1526502655877998
277 1526502655911335
278 1526502655944640
279 1526502655977978
280 1526502656011398
281 1526502656044646
282 1526502656077994
283 1526502656111349
284 1526502656144643
285 1526502656177976
286 1526502656211320
287 1526502656244653
288 1526502656277995
289 1526502656311301
290 1526502656344641
291 1526502656377982
292 1526502656411318
293 1526502656444653
294 1526502656477988
295 1526502656511304
296 1526502656544656
297 1526502656577981
298 1526502656611315
299 1526502656644658
300 1526502656677966
301 1526502656711305
302 1526502656744641
303 1526502656777981
304 1526502656811319
305 1526502656844630
306 1526502656877968
307 1526502656911305
308 1526502656944649
309 1526502656977989
310 1526502657011324
311 1526502657044632
312 1526502657077971
313 1526502657111309
314 1526502657144643
315 1526502657177980
316 1526502657211296
317 1526502657244633
318 1526502657277986
319 1526502657311307
320 1526502657344647
321 1526502657377988
322 1526502657411300
323 1526502657444635
324 1526502657477976
325 1526502657511311
326 1526502657544648
327 1526502657577961
328 1526502657611304
329 1526502657644638
330 1526502657677977
331 1526502657711319
332 1526502657744626
333 1526502657777972
334 1526502657811302
335 1526502657844639
336 1526502657877982
337 1526502657911317
338 1526502657944633
339 1526502657977985
340 1526502658011307
341 1526502658044647
342 1526502658077977
343 1526502658111301
344 1526502658144640
345 1526502658178276
346 1526502658211307
347 1526502658244648
348 1526502658277983
349 1526502658311295
350 1526502658344634
351 1526502658377973
352 1526502658411317
353 1526502658444650
354 1526502658477965
355 1526502658511301
356 1526502658544649
357 1526502658577977
358 1526502658611312
359 1526502658644651
360 1526502658677965
361 1526502658711308
362 1526502658744644
363 1526502658777984
364 1526502658811317
365 1526502658844644
366 1526502658877966
367 1526502658911308
368 1526502658944647
369 1526502658977999
370 1526502659011293
371 1526502659044633
372 1526502659077956
373 1526502659111307
374 1526502659144647
375 1526502659177986
376 1526502659211298
377 1526502659244635
378 1526502659277974
379 1526502659311312
380 1526502659344652
381 1526502659377965
382 1526502659411347
383 1526502659444640
384 1526502659477977
385 1526502659511311
386 1526502659544651
387 1526502659577969
388 1526502659611342
389 1526502659644639
390 1526502659677981
391 1526502659711319
392 1526502659744629
393 1526502659777970
394 1526502659811303
395 1526502659844641
396 1526502659877981
397 1526502659911295
398 1526502659944634
399 1526502659977970
400 1526502660011306
401 1526502660044641
402 1526502660077985
403 1526502660111298
404 1526502660144638
405 1526502660177953
406 1526502660211299
407 1526502660244634
408 1526502660277941
409 1526502660311291
410 1526502660344628
411 1526502660377962
412 1526502660411303
413 1526502660444638
414 1526502660477964
415 1526502660511300
416 1526502660544640
417 1526502660577976
418 1526502660611314
419 1526502660644628
420 1526502660677966
421 1526502660711364
422 1526502660744638
423 1526502660777977
424 1526502660811317
425 1526502660844629
426 1526502660877967
427 1526502660911305
428 1526502660944656
429 1526502660977980
430 1526502661011294
431 1526502661044631
432 1526502661077970
433 1526502661111307
434 1526502661144698
435 1526502661177959
436 1526502661211296
437 1526502661244635
438 1526502661277972
439 1526502661311326
440 1526502661344647
441 1526502661377959
442 1526502661411302
443 1526502661444634
444 1526502661477973
445 1526502661511315
446 1526502661544625
447 1526502661577966
448 1526502661611309
449 1526502661644645
450 1526502661677978
451 1526502661711320
452 1526502661744630
453 1526502661777971
454 1526502661811306
455 1526502661844643
456 1526502661877985
457 1526502661911294
458 1526502661944648
459 1526502661977963
460 1526502662011307
461 1526502662044646
462 1526502662077958
463 1526502662111301
464 1526502662144635
465 1526502662177973
466 1526502662211312
467 1526502662244649
468 1526502662277970
469 1526502662311301
470 1526502662344638
471 1526502662377975
472 1526502662411319
473 1526502662444629
474 1526502662477967
475 1526502662511304
476 1526502662544642
477 1526502662577978
478 1526502662611319
479 1526502662644635
480 1526502662677968
481 1526502662711312
482 1526502662744649
483 1526502662777983
484 1526502662811295
485 1526502662844631
486 1526502662877972
487 1526502662911312
488 1526502662944652
489 1526502662977983
490 1526502663011355
491 1526502663044637
492 1526502663077974
493 1526502663111321
494 1526502663144653
495 1526502663177963
496 1526502663211320
497 1526502663244650
498 1526502663277977
499 1526502663311315
500 1526502663344634
501 1526502663377966
502 1526502663411321
503 1526502663444646
504 1526502663477980
505 1526502663511324
506 1526502663544640
507 1526502663577985
508 1526502663611323
509 1526502663644648
510 1526502663677987
511 1526502663711295
512 1526502663744637
513 1526502663778035
514 1526502663811318
515 1526502663844649
516 1526502663878026
517 1526502663911362
518 1526502663944657
519 1526502663977981
520 1526502664011309
521 1526502664044649
522 1526502664077964
523 1526502664111302
524 1526502664144638
525 1526502664177980
526 1526502664211315
527 1526502664244628
528 1526502664277976
529 1526502664311309
530 1526502664344641
531 1526502664377978
532 1526502664411323
533 1526502664444638
534 1526502664477968
535 1526502664511308
536 1526502664544644
537 1526502664577982
538 1526502664611293
539 1526502664644634
540 1526502664677970
541 1526502664711322
542 1526502664744647
543 1526502664777984
544 1526502664811301
545 1526502664844637
546 1526502664877975
547 1526502664911321
548 1526502664944650
549 1526502664977965
550 1526502665011302
551 1526502665044640
552 1526502665077994
553 1526502665111338
554 1526502665144652
555 1526502665177968
556 1526502665211311
557 1526502665244641
558 1526502665277978
559 1526502665311330
560 1526502665344629
561 1526502665377969
562 1526502665411308
563 1526502665444643
564 1526502665477985
565 1526502665511301
566 1526502665544637
567 1526502665577978
568 1526502665611343
569 1526502665644656
570 1526502665678002
571 1526502665711305
572 1526502665744636
573 1526502665777975
574 1526502665811312
575 1526502665844659
576 1526502665877961
577 1526502665911313
578 1526502665944640
579 1526502665977962
580 1526502666011315
581 1526502666044646
582 1526502666077963
583 1526502666111326
584 1526502666144632
585 1526502666177968
586 1526502666211343
587 1526502666244618
588 1526502666277957
589 1526502666311309
590 1526502666344624
591 1526502666377976
592 1526502666411287
593 1526502666444632
594 1526502666477960
595 1526502666511305
596 1526502666544642
597 1526502666577977
598 1526502666611289
599 1526502666644628
600 1526502666677973
